topic 1, load 1, delay (500)
{"Results":[31,32,79,53,64,75,88,4,6,4,3,159,3,4,5,3,3,8,12,7,8,7,6,14,8,8,7,8,11,8,6,8,8,7,16,8,7,8,5,14,8,102,8,7,8,9,7,7,4,12]}
{"Results":[45,44,55,2,3,4,3,12,3,3,2,3,2,3,2,3,5,17,7,7,7,8,7,7,7,8,5,13,6,8,6,7,7,7,7,8,13,33,7,7,7,7,7,7,6,7,9,7,16,7]}
topic 1, load 1, delay (1000)
{"Results":[27,42,3,3,10,3,3,2,3,8,7,8,7,9,8,7,8,7,12,8,8,7,7,7,8,7,9,7,7,8,7,6,10,7,7,7,8,6,6,8,8,4,8,7,8,7,11,6,7,8]}
{"Results":[46,57,80,104,4,3,3,4,3,9,8,7,9,8,8,6,8,6,7,8,7,6,12,8,8,7,8,7,7,8,8,10,7,8,9,7,12,7,7,8,8,6,7,6,10,7,7,6,6,8]}

topic 1, load 128
{"Results":[104,14,6,5,6,5,6,6,5,9,15,9,8,9,9,7,12,9,8,10,9,9,8,8,13,8,8,8,8,9,12,7,8,9,8,11,7,8,11,8,11,9,8,17,9,9,8,8,8,8]}
{"Results":[76,88,10,4,6,5,6,4,5,10,8,8,9,11,10,7,13,9,9,10,8,8,8,8,9,7,9,9,9,9,13,7,9,9,10,17,10,9,8,10,9,8,8,8,12,9,9,8,8,16]}

topic 1, load 1024
{"Results":[33,20,19,16,19,19,17,124,46,66,20,22,31,20,20,18,20,34,20,20,18,21,19,26,27,41,26,20,19,21,21,24,20,21,19,21,32,21,20,19,19,21,19,20,24,24,19,61,20,20]}
{"Results":[91,102,25,15,26,16,15,15,16,21,20,24,20,19,20,17,24,21,20,20,19,31,20,19,20,21,19,21,20,20,26,17,20,20,21,29,20,19,20,20,27,20,25,19,16,19,24,59,19,19]}

topic 1, load 4096
{"Results":[93,80,56,62,91,88,92,108,56,59,58,58,59,63,65,63,63,64,62,64,69,74,62,60,69,66,65,65,66,71,59,66,61,67,59,65,75,55,64,63,295,66,62,66,61,62,68,107,63,65]}
-----------------------------
topic 10, load 1
{"Results":[239,223,44,95,143,165,215,237,35,59,113,103,101,97,95,90,89,110,158,207,229,27,48,96,117,189,187,184,189,178,176,169,167,238,36,57,105,127,175,197,244,16,39,35,33,34,28,20,43,116]}
{"Results":[286,70,119,168,190,238,262,60,83,106,130,126,123,121,118,112,38,181,230,251,48,71,118,141,188,210,208,210,203,200,196,191,263,61,82,137,153,201,223,19,17,14,261,259,264,254,250,270,94,139]}

topic 10, load 128
{"Results":[52,36,23,24,79,98,114,132,27,26,29,24,24,24,23,25,32,31,29,28,28,27,29,27,30,24,42,36,35,28,29,28,292,61,35,38,184,28,30,28,29,26,31,33,28,29,35,143,37,26]}
{"Results":[116,115,129,36,21,21,23,20,25,33,28,23,23,26,24,23,30,28,30,33,27,27,26,28,27,30,31,30,36,39,32,22,26,26,28,31,33,29,26,37,30,28,28,26,29,27,25,279,33,39]}

topic 10, load 1024
{"Results":[180,118,130,112,313,188,166,160,110,113,118,115,116,148,126,120,115,119,113,115,112,112,112,111,117,111,112,111,117,292,113,130,121,113,121,113,113,127,114,263,129,130,127,115,121,113,113,111,112,111]}
{"Results":[225,146,124,122,112,109,104,104,111,111,116,122,110,119,110,117,129,112,115,119,113,116,109,126,112,112,118,121,114,111,111,111,109,113,118,326,110,118,111,109,113,116,121,111,122,114,117,109,116,115]}

topic 10, load 4096
{"Results":[530,441,405,488,479,445,405,418,416,415,407,412,408,406,411,411,399,402,413,410,404,436,410,403,411,427,399,419,408,409,414,418,400,409,408,405,489,409,406,410,411,407,411,413,419,405,411,413,413,405]}
-------------------------------------

topic 100, load 1
{"Results":[45,42,40,105,104,110,107,37,38,43,44,43,37,43,48,44,41,43,43,45,44,117,103,43,45,43,45,45,189,44,43,38,45,48,43,42,45,45,42,43,46,45,45,42,44,45,44,202,44,46]}

topic 100, load 128
{"Results":[219,166,158,256,198,249,160,170,167,169,162,173,168,165,165,168,169,176,173,166,177,166,166,183,165,167,168,161,165,162,172,169,169,164,168,164,169,171,165,178,166,171,183,169,168,168,164,176,170,173]}
{"Results":[255,274,165,173,155,167,161,165,166,176,165,173,168,164,162,166,167,172,162,160,167,166,167,162,172,165,169,176,173,161,171,175,167,175,165,168,164,174,166,167,175,174,170,174,157,173,179,166,177,169]}

topic 100, load 1024
{"Results":[1089,1021,1018,1129,1011,1122,1044,1054,1035,1048,1044,1036,1021,1045,1046,1061,1062,1011,1041,1034,1032,1017,1025,1046,1016,1012,1018,1030,1251,1040,1035,1155,991,1041,1000,1026,1014,1017,1039,1036,1050,1003,1006,1035,1011,1008,995,1038,1032,1008]}

topic 100, load 4096

topic 1000, load 1
{"Results":[431,301,302,406,451,474,307,303,300,302,318,311,310,308,303,304,301,299,305,299,301,306,300,306,302,301,300,305,303,318,316,309,302,298,302,303,302,309,303,312,302,298,305,304,305,301,314,307,299,304]}

topic 1000, load 128
{"Results":[1639,1588,1640,1583,1523,1596,1531,1597,1606,1529,1620,1604,1554,1656,1580,1529,1672,1592,1529,1655,1633,1590,1600,1590,1611,1547,1591,1584,1609,1616,1588,1597,1615,1593,1585,1604,1603,1602,1583,1520,1594,1590,1522,1588,1522,1585,1583,1538,1609,1577]}

topic 1000, load 1024
{"Results":[10903]}

topic 1000, load 4096

topic 10000, load 1 delay(4000)
{"Results":[2945,3146,3108,2942,3141,3141,3150,2959,2962,2973,3193,3112,2970,3113,3084,3163,3138,3174,3129,3114]}

topic 10000, load 128
{"Results":[15953,16085,15951,16162,16201,16338,16420,16347,16259,16167,15957,16058,15349]}

topic 10000, load 1024

topic 10000, load 4096


