Message received: hello world
Message received: hello world
Message received: {"Result":[100,200]}
Message received: {"Result":[4]}
Message received: {"Result":[6]}
Message received: {"Result":[67,5,97,107,6,4,6,4,6,6]}
Message received: {"Result":[110,6,8,5,6,24,7,82,93,27,5,4,6,4,7,8,10,8,12,9,14,17,14,9,9,9,10,7,10,11]}
Message received: {"Result":[68,4,52,6,75,84,96,3,6,4,6,4,6,4,7,4,12,10,12,8,10,9,9,8,12,8,35,8,11,8]}
Message received: {"Result":[8]}
Message received: {"Result":[65,8,6,6,5,6,4,7,52,6,4,6,5,6,4,10,9,12,9,10,7,12,9,11,8,9,8,10,8,9]}
Message received: {"Result":[72,6,7,3,6,4,9,4,6,5,5,6,6,5,6,8,11,8,10,5,10,9,11,8,10,6,9,10,10,8]}
Message received: {"Result":[68,5,5,5,7,11,6,5,5,4,6,5,5,4,6,8,11,9,10,8,10,9,9,8,12,8,7,9,10,9]}
Message received: {"Result":[101,98,108,5,6,4,5,5,6,4,7,4,6,4,11,8,10,12,11,8,10,9,12,7,11,5,9,9,10,9]}
Message received: {"Result":[75,5,6,26,37]}
Message received: {"Result":[75,6,5,5,4]}
Message received: {"Result":[76,6,4,6,7]}
Message received: {"Result":[67,5,7,4,6]}
Message received: {"Result":[181,74,5,5,7]}
Message received: {"Result":[68,7,6,4,6]}
Message received: {"Result":[73,9,4,6,4]}
Message received: {"Result":[88,84,6,5,6]}
Message received: {"Result":[68,5,5,5,4]}
Message received: {"Result":[]}
Message received: {"Result":[]}
Message received: {"Result":[17,4,144,4,5,8,3,3,5,3,98,109,120,30,38,49,3,3,5,4,4,13,4,6,11,4,4,3,5,3]}
Message received: {"Result":[]}
Message received: {"Result":[25,4,4,4,7,11,3,4,5,3,3,111,20,3,41,53,4,4,5,3,8,4,4,3,11,3,4,4,4,4]}
Message received: {"Result":[]}
Message received: {"Result":[]}
Message received: {"Result":[32,11,3,3,4,3,3,3,5,3,5,3,10,2,48,62,3,81,4,103,12,4,4,4,4,4,3,7,5,6]}
Message received: {"Result":[]}
Message received: {"Result":[]}
Message received: {"Result":[28,4,4,4,9,3,80,92,104,113,26,33,3,5,11,3,3,3,7,3,4,4,4,6,4,4,3,3,13,4]}
Message received: {"Result":[]}
Message received: {"Result":[191,6,6,3,4,9,3,4,5,3,3,3,4,3,4,3,186,10,47,59,69,81,91,3,11,3,10,5,6,3]}
Message received: {"Result":[]}
Message received: {"Result":[]}
Message received: {"Result":[]}
Message received: {"Result":[]}
Message received: {"Result":[27,3,3,5,4,3,4,3,5,5,3,2,4,49,60,71,82,92,103,11,98,4,7,4,4,3,4,5,7,4]}
Message received: {"Results":[17,3,145,3,11,3,3,110,6,81,89,101,113,3,31,3,5,3,4,3,5,5,40,11,4,4,4,4,5,4]}
Message received: {"Results":[]}
Message received: {"Results":[18,9,3,3,4,3,15,2,5,394,55,3,4,4,4,3,116,25,36,6,63,3,3,3,4,9,5,3,27,4]}
Message received: {"Results":[3,3,4,3,3,3,5,6,4,17,6,7,4,127,5,7,5,94,7,115,3,33,4,35,7,4,5,3,6,14,4,5,4,4,3,7]}
Message received: {"Results":[23,5,3,3,8,9,3,3,6,90,100,9,19,30,42,3,4,3,4,4,5,4,4,4,9,3,3,4,156,3,15,30,5,6,11,4]}
Message received: {"Results":[15,4,27,3,16,93,60,31,4,74,49,3,20,3,39,11,59,11,53,0,49,2,96,145,53,78,53,3,21,94,66,37,3,11,82,54]}
Message received: {"Results":[]}
Message received: {"Results":[101,101,21,3,6,4,10,3,3,172,4,5,4,4,4,11,4,4,4,4,5,4,3,6,10,5,5,3,15,3,4,4,4,8,4,4]}
Message received: {"Results":[]}
Message received: {"Results":[4,10,11,10,11,10,29,52,73,95,118,37,60,82,104,23,10,10,10,12,10,10,11,11,11,10,11,11,9,10,10,10,11,8,10,11]}
Message received: {"Results":[23,6,5,7,91,114,34,7,11,10,11,10,149,10,10,10,11,10,12,11,10,11,10,11,10,10,10,8,12,7,8,8,5,6,6,7]}
Message received: {"Results":[]}
Message received: {"Results":[]}
Message received: {"Results":[6,6,11,10,10,4,124,43,65,87,110,30,53,74,96,118,38,61,83,105,25,47,68,91,112,33,11,11,10,11,10,10,6,10,11,10]}
Message received: {"Results":[19,6,4,6,4,6,4,7,4,5]}
Message received: {"Results":[93,90,6,5,5,5,6,4,6,4]}
Message received: {"Results":[90,87,4,9,4,6,4,4,4,6]}
Message received: {"Results":[4,4,4,4,3,10]}
Message received: {"Results":[19,4,6,4,6,5,6,116,25,4,32,57,67,4,6,8,10,8,10,8,9,8,10,11,10,8,11,10,8,11,9,12,8,11,8,9]}
Message received: {"Results":[]}
Message received: {"Results":[40,35,47,31,9,5,7,4,8,4,6,4,8,5,5,8,11,7,13,8,10,8,10,9,8,10,11,9,12,8,9,8,11,8,11,10]}
Message received: null
Message received: {"Results":[59,54,63,25,4,7,6,6,4,6,4,6,4,7,4,10,55,10,9,9,8,14,8,11,8,10,12,10,8,13,7,12,9,10,8,11]}
Message received: {"Results":[59,54,63,25,4,7,6,6,4,6,4,6,4,7,4,10,55,10,9,9,8,14,8,11,8,10,12,10,8,13,7,12,9,10,8,11]}
Message received: {"Results":[59,54,63,25,4,7,6,6,4,6,4,6,4,7,4,10,55,10,9,9,8,14,8,11,8,10,12,10,8,13,7,12,9,10,8,11]}
Message received: {"Results":[20,7,8,6,6,4,7,4,6,4,6,6,6,4,6,8,10,9,6,4,9,10,11,9,10,8,10,9,12,9,10,10,9,8,10,8]}
Message received: {"Results":[112,106,4,6,4,6,4,6,11,6,4,9,4,6,5,9,8,10,9,10,8,11,7,10,9,9,4,10,9,10,8,12,9,10,8,9]}
Message received: {"Results":[105,97,107,6,4,5,4,6,4,6,4,6,5,5,4,9,8,10,8,10,8,11,11,10,8,10,8,9,9,10,9,11,12,10,8,9]}
Message received: {"Results":[47,5,6,6,5,4,6,4,6,5,6,4,7,72,83,94,10,8,11,8,11,8,11,8,10,9,10,8,9,8,10,8,10,8,9,8,12,12,10,8,10,8,11,8,6,8,11,10,9,8]}
Message received: {"Results":[54,4,61,73,83,6,5,6,4,6,4,6,4,6,4,9,11,10,8,11,8,9,8,10,8,11,8,10,8,9,9,10,8,10,8,9,8,11,7,9,8,10,10,10,8,10,14,18,9,10]}
Message received: {"Results":[20,4,6,5,7,6,6,5,6,5,5,4,6,4,6,12,9,9,10,8,10,9,11,9,14,11,10,8,10,8,10,7,10,8,11,10,10,8,10,8,11,9,10,8,11,12,10,7,10,5]}
Message received: {"Results":[18,6,98,108,4,6,6,6,4,7,4,6,4,11,4,9,8,10,8,9,6,12,8,12,9,11,8,10,8,11,8,11,8,11,9,10,8,11,9,11,8,11,9,13,8,10,8,10,8,11]}
Message received: {"Results":[41,42,52,7,6,7,5,9,6,8,5,7,7,7,6,11,9,12,9,11,10,12,14,10,9,10,154,11,12,11,10,10,12,13,9,12,10,10,9,11,9,12,8,10,9,13,9,11,14,12]}
Message received: {"Results":[21,5,7,5,7,8,8,29,41,14,6,5,7,5,8,13,12,10,10,9,10,11,11,11,12,14,11,10,12,10,11,9,10,5,12,14,11,10,12,8,10,9,12,9,11,12,7,9,14,9]}
Message received: {"Results":[126,122,29,10,6,7,6,7,6,6,7,7,7,7,5,12,8,12,9,12,9,11,9,12,9,12,11,12,9,10,9,12,9,12,11,11,10,10,9,12,13,11,10,11,10,10,12,10,10,12]}
Message received: {"Results":[130,26,34,7,7,10,5,7,5,9,5,7,5,6,5,11,10,18,9,12,9,13,9,11,10,13,9,11,10,12,9,11,10,11,8,12,9,12,9,11,10,12,9,12,8,10,14,15,10,11]}
Message received: {"Results":[22,5,5,5,7,9,8,5,7,5,4,5,5,6,9,5,6,5,7,5,6,10,7,8,13,12,12,7,11,5,6,11,6,5,5,7,7,5,6,5,6,4,7,6,8,5,7,6,8,6]}
Message received: 
Message received: {"Results":[186,114,119,154,114]}
Message received: {"Results":[]}
Message received: {"Results":[]}
Message received: {"Results":[]}
Message received: {"Results":[]}
Message received: {"Results":[]}
Message received: {"Results":[]}
Message received: {"Results":[]}
Message received: {"Results":[]}
Message received: {"Results":[]}
Message received: {"Results":[111,198,201,201,205]}
Message received: {"Results":[]}
Message received: {"Results":[]}
Message received: {"Results":[]}
Message received: {"Results":[]}
Message received: {"Results":[]}
Message received: {"Results":[]}
Message received: {"Results":[]}
Message received: {"Results":[]}
Message received: {"Results":[]}
Message received: {"Results":[186,193,195,194,196]}
Message received: {"Results":[]}
Message received: {"Results":[]}
Message received: {"Results":[]}
Message received: {"Results":[]}
Message received: {"Results":[]}
Message received: {"Results":[]}
Message received: {"Results":[]}
Message received: {"Results":[]}
Message received: {"Results":[]}
Message received: {"Results":[113,147,150,156,155]}
Message received: {"Results":[174,182,115,183,184]}
Message received: {"Results":[176,184,187,354,197]}
Message received: {"Results":[200,197,193,193,196]}
Message received: {"Results":[136,115,57,100,27,86,25,17,14,89,200,63,27,15,22,28,27,27,21,29,25,18,23,23,30,29,18,19,18,23,22,29,32,27,28,30,22,24,27,17,29,21,13,24,283,16,19,21,269,20]}
Message received: {"Results":[244,99,35,27,57,28,31,18,56,21,11,15,17,19,27,42,24,153,25,26,79,27,25,120,23,263,16,17,15,26,276,98,151,22,29,288,27,231,18,17,26,236,26,21,21,19,140,18,30,20]}
Message received: {"Results":[290,67,137,114,47,85,155,76,159,160,61,80,87,55,97,26,60,97,30,81,114,46,72,83,95,135,59,79,92,125,36,52,102,113,61,112,15,47,84,116,55,78,123,44,58,85,70,101,27,20]}
Message received: {"Results":[158,248,23,19,25,30,25,179,15,20,265,60,149,17,23,27,22,22,164,26,19,26,234,29,205,41,23,14,18,25,18,109,113,33,22,20,20,16,174,262,47,22,27,23,21,259,75,160,18,16]}
Message received: {"Results":[160,284,208,15,17,31,28,30,22,12,16,22,16,18,139,90,21,14,198,269,22,19,251,88,15,213,268,24,191,77,148,64,22,243,267,109,174,233,11,84,225,28,25,26,22,26,18,63,25,185]}
Message received: {"Results":[271,56,18,22,21,22,25,15,18,18,27,173,13,17,17,67,25,24,275,22,26,122,22,226,25,13,24,23,23,26,19,28,24,26,24,25,79,26,28,28,18,273,17,28,31,16,18,30,17,31]}
Message received: {"Results":[148,146,145,141,141,137,211,282,79,127,149,195,243,288,62,80,77,73,70,68,67,61,134,180,227,23,71,92,139,186,208,227,225,223,224,216,215,14,86,132,155,203,251,23,70,93,114,113,110,108]}
Message received: {"Results":[194,240,46,62,84,106,541,108,100,97,95,167,212,235,30,78,123,171,219,15,286,33,31,30,24,21,68,140,187,236,258,70,126,125,173,198,192,215,214,212,217,206,280,76,124,174,194,242,38,87]}
Message received: {"Results":[20,4,5,5,5,7,64,86,110,31,6,5,4,6,5,5,6,8,6,5,5,7,7,4,5,4,6,6,6,5,6,3,32,5,11,11,8,8,13,8,9,12,11,13,9,13,13,8,7,8]}
Message received: {"Results":[8,8,11,9,8,11,12,8,22,8,9,31,8,9,196,8,10,10,10,12,8,10,12,5,4,7,5,8,6,5,4,21,6,8,12,9,120,10,14,9,9,10,10,35,11,16,9,9,10,9]}
Message received: {"Results":[36,7,5,6,5,5,7,7,14,12,8,10,9,11,10,11,10,9,8,13,9,11,12,20,18,29,14,12,10,5,5,13,10,12,7,6,6,6,6,12,14,11,7,5,5,6,9,9,16,10]}
Message received: {"Results":[5,13,5,6,7,6,6,7,8,8,8,10,12,7,8,9,11,7,10,10,7,10,7,10,12,11,11,9,8,8,9,11,7,9,12,11,5,9,5,4,16,7,8,6,4,8,8,9,5,8]}
