1  payload
{"Results":[12,5,4,84,107,27,51,5,4,16,9,9,9,6,9,10,8,9,10,9]}
{"Results":[61,73,96,119,4,4,4,15,4,9,8,9,16,8,9,7,10,9,8,8]}

2
{"Results":[250,15,40,63,87,111,116,108,107,105,11,101,99,173,220,15,65,112,161,208]}
{"Results":[299,103,160,209,6,56,113,178,226,250,23,21,19,17,13,260,58,131,180,227]}

8
{"Results":[99,92,164,213,17,63,84,133,181,233,27,25,47,44,42,36,34,32,105,153]}
{"Results":[214,201,200,197,271,70,118,142,191,239,37,84,131,154,176,176,168,167,163,186]}

32
{"Results":[178,155,150,61,82,104,216,258,305,100,145,191,186,55,177,167,163,158,156,60]}
{"Results":[78,86,129,125,169,242,314,84,105,152,172,218,238,259,253,252,240,237,231,228]}

128
{"Results":[197,148,360,338,313,145,296,346,403,399,170,164,163,149,151,147,168,149,267,231]}
{"Results":[297,150,157,232,236,232,147,147,149,150,348,324,297,152,337,153,363,377,375,368]}

512
{"Results":[473,627,590,570,407,403,614,543,476,399,563,475,406,404,442,605,588,394,576,392]}
{"Results":[407,419,368,365,497,367,373,570,519,377,590,501,383,569,466,475,457,404,596,570]}

1024
{"Results":[754,726,688,837,1193,892,723,733,720,848,906,728,722,714,716,881,721,692,727,844]}
{"Results":[705,902,657,712,816,731,688,924,714,712,739,740,696,714,838,948,820,734,755,827]}

2048
{"Results":[1502,1510,1703,1497,2317,1669,1537,1612,1506,1510,1701,1477,1481,1391,1624,1502,1398,1392,1453,1601]}
{"Results":[1575,1408,1616,1564,1419,1432,1419,1457,1591,1424,1674,1416,1573,1646,1497,1536,1508,1640,1423,1659]}

4096
{"Results":[2782,2815,2972,2785,3048,3131,2924,3039,2985,3149,3075,2749,2871,2920,2912,2839,2893,2858,2863,2753]}
{"Results":[2773,2748,2731,2749,2976,2852,2754,2898,2835,2855,2798,2758,2949,2755,2743,3038,2973,3061,2743,2763]}

8192
{"Results":[5485,5380,5662,5471,5655,5456,5665,5437,5627,5473,5614,5459,5556,5485,5711,5450,5714,5465,5467,5657]}
{"Results":[5520,5476,5202,5447,5216,5237,5235,5432,5253,5242,5295,5457,5364,5227,5450,5241,5239,5453,5460,5470]}
