payload 1, topic 1, wild 1
{"Results":[44,56,3,4,4,4,3,3,12,9,8,7,8,7,7,5,7,5,7,8]}
wild 2
{"Results":[82,93,3,3,4,6,4,3,3,8,7,15,7,8,7,8,7,8,8,9]}
wild 3
{"Results":[83,5,3,3,4,4,5,4,3,10,7,15,7,10,8,7,7,7,7,8]}
wild 4
{"Results":[111,117,3,3,5,6,3,3,3,9,15,7,8,8,8,5,7,7,7,8]}
{"Results":[86,180,4,2,4,3,7,2,2,9,7,7,7,8,10,5,6,7,8,8]}

topic 10 , wild 1
{"Results":[36,46,68,91,12,6,6,6,6,19,11,11,11,11,20,7,11,13,11,18]}
{"Results":[74,84,7,6,7,6,6,12,6,12,11,10,18,11,11,7,10,14,11,12]}
wild 2
{"Results":[126,111,38,6,7,6,6,5,6,7,11,11,12,11,9,7,166,11,10,8]}
{"Results":[117,119,7,8,7,6,7,5,6,13,11,14,13,11,13,12,11,11,12,12]}
wild 3
{"Results":[81,4,8,4,5,4,5,4,4,9,8,9,8,9,9,6,8,16,8,9]}
wild 4
{"Results":[92,5,4,6,4,4,8,4,4,9,8,11,8,8,9,7,11,8,8,9]}

topic 100 wild 1
{"Results":[32,19,47,53,59,66,15,14,16,18,18,19,19,19,15,15,16,23,20,21]}
wild 2
{"Results":[33,18,99,106,112,19,19,21,20,20,18,18,18,24,14,18,16,24,15,19]}
wild 3
{"Results":[139,33,12,14,12,13,12,11,13,17,15,16,16,16,16,12,15,16,17,15]}
wild 4
{"Results":[91,82,84,87,14,14,13,16,21,20,19,19,19,19,19,14,24,17,22,25]}

topic 1000 wild 1
{"Results":[64,29,101,55,110,29,29,33,35,41,38,45,41,31,33,38,39,42,46,40]}
wild 2
{"Results":[268,48,194,50,143,305,82,223,77,173,251,82,160,239,124,310,191,37,193,61]}
{"Results":[215,209,277,152,56,196,85,216,98,236,89,189,269,93,181,255,88,262,136,256]}
wild 3
{"Results":[83,126,46,42,43,41,41,46,48,48,48,57,47,49,49,51,47,44,48,47]}
wild 4
{"Results":[86,76,14,13,17,16,15,18,21,22,20,21,20,15,17,18,17,18,20,22]}

topic 10000 wild 1
{"Results":[586,315,362,385,309,352,382,329,326,351,382,384,325,350,368,305,341,273,339,387]}
wild 2
{"Results":[451,313,392,479,487,408,442,501,265,441,353,353,356,359,364,306,491,520,464,452]}
wild 3
{"Results":[614,434,448,439,435,434,429,445,454,439,436,428,439,434,435,438,433,441,438,439]}
wild 4
{"Results":[586,388,434,444,501,434,434,427,432,503,438,423,432,438,436,434,434,426,432,423]}

-------------Payload 128-------------------------------
topic 1, wild 1
wild 2
wild 3
wild 4

topic 10, wild 1
willd 2
wild 3
wild 4

topic 100 , wild 1
wild 2
wild 3
wild 4

topic 1000, wild 1
wild 2
wild 3
wild 4

topic 10000, wild 1
wild 2
wild 3
wild 4






