load 1 , delay 1000
{"Results":[39,39,51,3,3,3,3,4,5,4,3,3,2,3,3,3,3,4,4,7,7,7,7,7,6,8,5,15,8,7,5,7,8,6,7,7,7,12,11,7,7,6,7,7,6,7,6,12,23,7]}
{"Results":[86,85,96,6,3,4,3,2,4,4,3,3,4,3,3,3,4,3,3,7,11,8,11,7,7,6,7,7,7,8,5,7,8,6,8,7,7,7,7,7,7,6,10,7,8,7,7,7,7,7]}
{"Results":[47,47,58,69,3,4,2,3,3,3,3,3,2,3,3,3,11,3,3,7,8,7,6,8,7,4,12,7,11,6,6,10,7,7,7,7,9,7,8,7,7,6,7,7,6,7,11,7,8,7]}
{"Results":[66,79,104,4,3,3,3,2,3,7,7,4,6,8,8,5,9,7,7,8,7,7,7,9,8,5,7,7,6,8,16,7,6,8,8,7,6,7,7,9,6,8,6,6,16,9,9,6,7,8]}
{"Results":[48,44,55,3,3,3,2,9,4,4,3,3,3,3,2,2,7,3,4,7,6,4,9,7,8,10,12,8,8,8,8,7,7,7,7,8,9,7,9,52,7,7,7,7,7,9,10,7,7,7]}
load 64 , delay 1000
{"Results":[16,5,3,88,112,32,56,3,6,5,9,7,8,11,7,9,7,8,16,7,9,7,13,8,7,8,7,13,8,7,8,9,8,7,7,8,20,8,8,9,7,13,8,8,7,12,7,6,8,71]}
{"Results":[76,87,134,3,5,5,6,3,3,5,7,11,8,8,9,7,17,7,7,9,5,8,7,7,8,13,7,7,8,8,9,8,7,8,7,7,7,8,7,14,7,7,8,8,7,7,8,6,6,10]}
{"Results":[79,89,13,3,5,6,7,4,4,4,8,13,8,7,9,6,8,8,7,8,13,8,7,7,8,13,8,7,8,8,8,6,7,8,4,9,7,7,7,14,9,8,9,8,7,9,8,8,7,9]}
{"Results":[59,67,91,11,5,5,3,3,3,4,8,7,12,8,8,7,7,7,7,8,8,9,7,8,7,8,13,7,7,9,9,6,7,8,8,11,7,7,7,7,20,7,8,9,7,9,8,5,7,10]}
{"Results":[48,60,83,4,5,4,4,4,3,5,7,8,6,8,8,7,8,15,7,11,7,7,8,9,8,8,7,9,7,8,7,19,7,8,8,7,8,7,7,9,9,7,8,8,8,8,8,6,10,9]}
load 128
{"Results":[21,5,5,5,7,5,4,4,38,60,83,105,9,8,8,9,10,8,8,8,8,18,8,9,8,5,9,8,9,8,13,7,9,8,8,8,12,9,9,5,8,9,8,10,13,7,10,6,7,9]}
{"Results":[40,50,5,5,5,5,4,4,9,5,8,8,9,8,9,7,8,8,8,9,8,7,190,9,10,9,9,8,8,9,8,214,7,7,9,9,17,187,8,8,7,8,8,8,8,14,9,6,7,9]}
{"Results":[121,21,45,4,6,12,5,4,4,4,8,8,8,8,12,8,9,8,7,16,12,8,8,7,9,8,9,9,12,8,8,7,8,17,11,8,9,5,8,8,7,9,13,8,8,8,8,8,13,9]}
{"Results":[107,116,37,5,6,5,4,4,4,5,18,11,7,9,8,7,9,8,8,10,9,8,8,8,9,13,9,8,5,9,8,9,9,10,8,8,9,8,19,12,9,9,6,8,10,8,9,14,8,8]}
{"Results":[48,61,85,5,5,5,3,3,4,7,10,8,7,8,9,7,9,13,7,10,8,8,8,8,11,9,9,8,8,9,8,13,7,9,11,8,7,18,12,8,11,9,8,9,9,8,11,7,8,9]}
load 512
{"Results":[40,22,8,8,9,14,96,8,78,103,125,44,12,16,9,11,12,12,12,15,13,12,13,12,12,14,12,14,12,12,14,10,12,13,11,18,13,12,21,12,13,13,12,11,11,11,12,17,13,12]}
{"Results":[105,116,8,8,10,9,7,8,8,8,19,14,12,12,11,19,12,11,11,10,13,12,12,11,17,15,12,12,11,11,13,11,13,11,12,12,12,11,16,12,12,12,13,12,12,12,12,11,14,12]}
{"Results":[111,116,8,8,9,9,8,8,7,8,17,13,12,12,12,10,11,13,13,12,12,11,11,12,18,14,11,12,12,11,16,14,12,12,12,12,13,11,16,12,14,11,11,12,12,12,12,10,12,11]}
{"Results":[102,114,35,9,9,9,8,8,8,10,14,11,11,12,12,18,15,12,11,80,11,12,12,12,14,12,12,12,12,12,12,13,11,12,13,13,11,11,15,12,13,11,12,23,11,13,12,9,12,11]}
{"Results":[65,78,101,8,9,9,8,12,8,8,13,12,11,12,12,15,11,12,12,12,15,13,12,12,13,14,11,12,12,15,9,11,13,12,16,13,13,16,12,12,21,11,15,13,14,12,12,12,22,12]}
load 1024
{"Results":[30,18,19,25,20,16,16,115,34,58,79,20,25,20,20,17,18,29,20,19,20,21,43,20,20,20,23,19,20,21,22,66,20,19,19,20,30,20,22,20,19,19,24,20,19,26,20,17,20,21]}
{"Results":[73,85,108,15,16,16,16,20,15,15,20,19,33,21,20,16,20,35,19,41,21,19,23,19,19,20,28,20,19,20,25,34,20,19,20,18,19,19,20,22,24,22,19,20,20,32,19,70,21,21]}
{"Results":[143,53,16,21,23,15,71,17,15,16,21,19,19,19,19,20,20,20,23,19,20,21,20,28,19,21,20,16,20,18,20,18,20,19,21,20,23,30,20,21,20,21,27,18,21,21,21,65,22,19]}
{"Results":[93,57,17,16,25,16,15,15,15,16,19,20,20,24,21,22,19,19,27,19,23,24,19,20,20,21,20,20,19,23,19,16,22,20,25,20,19,27,20,30,21,17,19,20,19,24,23,62,23,20]}
{"Results":[131,130,19,16,17,20,16,16,17,15,28,19,23,20,18,19,19,21,20,20,20,21,20,19,30,20,23,19,21,20,23,76,21,19,21,20,20,19,24,19,24,21,19,23,19,25,19,15,20,19]}
load 2048
{"Results":[63,41,37,31,31,38,30,61,84,102,37,37,43,37,32,33,33,32,42,30,41,35,35,32,34,32,36,33,41,31,34,34,33,34,39,43,30,44,44,38,33,34,35,33,35,36,45,30,39,32]}
{"Results":[89,91,108,29,30,29,29,32,31,37,41,37,35,34,35,30,36,34,42,44,43,38,32,32,35,37,36,32,42,35,32,29,36,36,40,30,46,43,32,34,34,33,32,43,35,35,46,34,33,32]}
{"Results":[138,133,40,32,30,28,28,28,32,28,32,32,33,33,39,37,35,32,32,33,32,35,42,42,42,32,33,33,35,33,29,41,42,37,40,37,32,34,36,32,40,44,37,39,32,34,36,30,32,39]}
{"Results":[108,108,29,39,30,36,28,28,28,37,41,34,34,32,33,28,44,38,36,35,35,32,33,43,38,38,41,38,40,34,33,33,33,35,55,43,46,50,43,43,41,34,33,35,38,33,32,38,42,39]}
{"Results":[112,116,131,41,35,29,27,28,33,30,41,33,32,31,33,33,43,38,32,34,33,32,32,34,45,39,44,41,32,34,33,30,33,37,41,36,32,33,37,35,33,35,43,36,40,37,34,32,36,37]}
load 4096
{"Results":[91,71,57,55,60,67,60,164,73,85,94,57,61,67,61,67,62,65,64,59,62,59,57,60,57,59,62,62,64,69,61,63,65,59,64,68,60,66,65,82,52,80,57,69,203,59,57,103,70,63]}
{"Results":[194,226,57,60,55,60,59,57,55,58,60,52,65,65,59,68,60,67,72,57,68,61,66,62,63,70,66,74,59,65,68,69,58,63,68,64,59,65,68,65,58,64,69,65,60,64,69,101,63,66]}
{"Results":[99,186,82,61,61,58,63,60,57,55,63,56,55,62,60,64,61,66,66,61,60,71,61,70,63,64,61,65,66,69,55,68,61,63,71,64,61,286,60,68,68,68,62,61,73,62,57,100,70,63]}
{"Results":[141,131,60,57,57,62,62,61,59,60,60,55,62,72,60,60,75,59,62,58,70,67,86,56,66,112,59,60,67,61,57,58,59,63,60,62,56,58,57,66,69,87,64,61,64,67,102,102,62,63]}
{"Results":[184,179,134,57,60,57,61,61,63,61,63,59,55,58,58,70,60,64,61,64,67,62,60,60,61,63,62,59,56,64,66,68,62,59,63,66,65,68,66,61,113,66,61,62,66,73,63,113,61,68]}
load 10000
{"Results":[202,177,162,152,147,137,126,161,254,193,175,131,129,139,143,151,128,133,130,130,128,160,143,132,134,131,134,154,167,128,133,137,163,143,142,138,125,131,133,136,139,140,131,127,127,127,125,128,135,128]}
{"Results":[241,156,243,166,134,136,126,127,125,133,148,137,132,138,129,138,148,148,141,134,129,145,148,158,141,167,155,159,208,133,144,160,128,131,130,130,132,163,222,136,132,162,206,165,137,137,160,170,141,135]}
{"Results":[246,164,245,141,141,143,131,126,241,139,182,134,140,144,140,131,123,133,143,145,161,138,542,149,266,140,135,135,127,133,124,126,138,140,127,135,135,131,130,127,140,142,136,136,140,131,150,130,140,135]}
{"Results":[222,185,165,248,236,147,139,135,135,141,142,138,147,136,132,151,152,154,130,148,155,134,152,130,150,148,311,143,135,133,132,132,143,144,140,149,128,136,143,133,126,128,132,163,142,142,159,128,137,149]}
{"Results":[266,191,144,143,138,157,134,129,138,143,146,139,138,144,150,146,138,133,141,140,152,147,143,138,141,146,140,130,132,136,140,148,133,133,129,139,143,144,135,136,128,139,140,147,141,133,138,137,136,142]}
