10 -------load 1 ----- client.publish test
{"Results":[79,352,79,110,43,352,334,320,403,588,375,324,332,324,332,581,376,324,333,320]}
100
{"Results":[125,625,618,597,614,601,622,573,520,384,569,521,582,579,555,594,611,546,591,597]}
500
{"Results":[98,593,597,547,599,551,591,563,659,591,547,592,582,600,587,598,575,597,591,601]}
1000
{"Results":[476,1256,1242,1245,1271,1244,1244,1241,1245,1268,1231,1243,1265,1243,1239,1269,1244,1252,1239,1236]}
2000
{"Results":[467,1265,1240,1271,1240,1264,1240,1241,1259,1264,1259,1264,1257,1269,1260,1263,1260,1261,1265,1263]}
10000
{"Results":[465,1285,1264,1255,1242,1262,1263,1262,1281,1266,1255,1083,1078,1243,1239,1284,1263,1253,1261,1050]}
