load =1                    ---- delay(100)
{"Results":[106,556,324,316,312,320,312,553,340,320,320,324,318,556,339,319,320,323,323,568]}
64
{"Results":[144,475,591,559,623,614,627,618,654,618,635,622,614,619,622,615,626,607,718,634]}
128
{"Results":[454,609,619,629,621,622,636,618,621,617,618,616,618,621,622,626,632,634,614,637]}
512
{"Results":[447,805,733,761,735,764,731,761,727,729,755,741,747,741,752,744,747,749,763,764]}
1024
{"Results":[628,913,761,779,761,775,761,791,761,771,766,770,887,881,863,866,884,885,891,863]}
2500
{"Results":[7445,7616,7292,7550,7648,7474,8659,7555,8614,7743,7255,7644,7482,8978,7816,8278,7364,7631,8321,8784]}
5000
{"Results":[18019,16450,13901,14353,14639,15024,13879,16583,62415,13994,13437,19153,13499,16804,16521,14869,15144,49904,16800,21369]}
10000
{"Results":[34839,33360,35534,35757,35657,31023,34043,33941,43894,37680,42997,34790,33489,40860,75513,32300,33490,34630,32367,31214]}